80.68127993524466 93.15893685713336 7
82.23484578039772 92.74349403322464 7
83.7600205348768 92.18026026335683 7
84.74455434664559 90.89650291890753 7
84.29389191731536 89.32668339066002 7
82.81819416883516 88.82056754053362 7
81.27533773710084 89.23852417876381 7
79.77378642464815 89.81613163796698 7
78.24161492296955 90.33460283208184 7
76.62976063263011 90.31094565195099 7
75.79345914612799 88.94648650204583 7
74.35149595424552 88.1825079372005 7
73.64620769797428 86.8106224900835 7
73.53221122380488 85.19548747924448 7
72.80791177204101 83.77878993037295 7
72.5373383472099 82.21213087253906 7
72.49695485315577 80.60243229003837 7
71.92562275135128 79.3685411858944 7
72.07904402950098 78.61545984034596 7
72.74816405484309 77.03526957465878 7
73.6721953086431 75.72273356615675 7
75.05270495596308 74.90336332786899 7
76.66979930539306 74.77510881996042 7
78.07614189254413 74.12321152533367 7
79.58322774857601 74.46923112592728 7
81.12299513871308 74.86307540059207 7
82.70563136783572 75.21045204935993 7
83.99379989531725 76.14060749212327 7
84.98131477608167 77.40499302489832 7
85.68747917528329 78.8527193473156 7
86.48611141139206 80.27389315129723 7
86.78467933089027 81.743806101441 7
86.56865601521926 83.3568744813038 7
86.24464549163842 84.92153633297931 7
86.31334501077534 86.47236103646273 7
87.76053689195693 87.03325364643091 7
89.17663640757038 86.38758932936561 7
90.26955669459018 85.16965199598641 7
90.74175312983654 83.65683843545008 7
91.22293844182862 82.1103160501341 7
92.19610052560557 80.77277148377324 7
92.34591567296707 79.24704711271968 7
91.74327695085773 77.82449747467791 7
90.37408820680578 76.84641387955982 7
89.604400269888 75.59848458062345 7
88.93086968740462 74.13309194207491 7
87.77274909737356 73.02213575674321 7
86.55391815051539 71.9675067531756 7
85.36384857531895 70.85308633920903 7
83.96040556183549 70.18587492182986 7
82.39413430943127 69.76581098540068 7
80.87118988280169 69.21076329987086 7
79.30380120801847 68.97590422100058 7
77.71253580614815 69.077699427641 7
76.23745331542803 69.74871966510037 7
74.84219663436265 70.56689033645128 7
73.34494630810043 71.10557070715804 7
71.75636383585177 71.38711688600347 7
70.28911413037831 72.01621201928268 7
69.07305341542681 73.08885932217923 7
68.1532693878909 74.38772496992905 7
67.75710539346059 75.95364758438166 7
67.65539258901232 77.56039960798594 7
67.66773623284132 79.16832242526947 7
67.73396161266821 80.77469472594427 7
67.7035817113582 82.3824487532474 7
67.69268660721981 83.99140440242391 7
68.55887785372232 85.33600672914098 7
68.74925485605235 86.93525849346294 7
68.77227025931046 88.54622728598305 7
69.48681017717534 89.98963830361552 7
70.85936436257364 90.8009904518069 7
72.23877789841558 91.68110446570967 7
72.87676765524134 93.13245382728815 7
73.93556553399385 94.3200308749201 7
75.0809866422966 95.58212107776228 7
76.62010299923965 95.64363424271009 7
78.03189726081379 94.95217208308951 7
79.47825292310478 94.23879654238317 7
80.68127993524466 93.15893685713336 7
